map = [[10,12,12,12,12,12,12,12,12,12,12,12,12,12,10],[10,15,15,15,14,15,15,15,15,15,14,15,15,15,10],[10,15,15,15,14,15,15,15,15,15,14,15,15,15,10],[10,15,15,15,14,15,15,15,15,15,14,15,15,15,10],[10,15,15,15,14,14,14,15,14,14,14,15,15,15,10],[10,15,15,15,14,15,14,14,14,15,14,15,15,15,10],[10,15,15,15,14,15,15,15,15,15,14,15,15,15,10],[10,15,15,15,14,15,15,15,15,15,14,15,15,15,10],[10,15,15,11,11,11,15,15,15,11,11,11,15,15,10],[10,15,15,11,11,11,15,15,15,11,11,11,15,15,10],[10,15,15,30,31,32,15,15,15,30,31,32,15,15,10],[10,15,15,15,14,14,14,14,14,14,14,15,15,15,10],[10,15,15,15,14,15,15,15,15,15,14,15,15,15,10],[10,15,15,15,14,15,15,15,15,15,14,15,15,15,10],[10,15,15,15,14,15,15,15,15,15,14,15,15,15,10],[10,15,15,15,14,14,14,14,14,14,14,15,15,15,10],[10,15,15,15,14,15,15,15,15,15,14,15,15,15,10],[10,15,15,15,14,15,15,15,15,15,14,15,15,15,10],[10,15,11,11,11,15,15,15,15,15,11,11,11,15,10],[10,15,11,11,11,15,15,15,15,15,11,11,11,15,10],[10,15,30,31,32,15,15,15,15,15,30,31,32,15,10],[10,15,15,15,14,15,15,15,15,15,14,15,15,15,10],[10,11,11,11,14,15,15,15,15,15,14,11,11,11,10],[10,15,15,15,14,14,14,14,14,14,14,15,15,15,10],[10,15,15,15,14,15,15,15,15,15,14,15,15,15,10],[10,10,15,15,11,15,15,15,15,15,11,15,15,10,10],[10,10,10,10,10,15,15,15,15,15,10,10,10,10,10],[10,10,10,10,10,10,14,14,14,10,10,10,10,10,10],[10,10,10,10,10,10,10,11,10,10,10,10,10,10,10],[10,10,10,10,10,10,10,11,10,10,10,10,10,10,10]];
tileset = "saucer2";
area = "moric_saucer5";
areaname = "Moric\'s Battleship - Escape Pod Room";
ambience = null;
dungeon = "MoricSaucer";
TempVars.DONT_DRAW_ALLIES = true;
A_sprites = [{"name":"Dracelon","model":"ch2bosses","x":7,"y":19,"walkspeed":-1,"dir":"n","elem":"EARTH","conv":"c_A_Deugan"},{"name":"Deugan","model":"deugan_soldier","x":7,"y":29,"walkspeed":-1,"dir":"n","elem":"EARTH","conv":[["shok","ERROR!"]]},{"name":"Emela","model":"emela_soldier","x":7,"y":29,"walkspeed":-1,"dir":"n","elem":"WATER","conv":[["shok","ERROR!"]]},{"name":_root.PCstats[3].name,"model":_root.PCstats[3].model,"x":7,"y":29,"walkspeed":-1,"dir":"n","elem":PCstats[3].elem,"conv":[["shok","ERROR!"]]},{"name":"WALK_TRIGGER","model":"_trigger","x":7,"y":29}];
A_sprites.push();
areaLoot = [];
foes = [];
btlChance = 0;
minSteps = 5;
levelrange = [1,1];
musicTrack = DoomCounter == null?GameData.plotVars.BEATEN_MORIC != 99?"Battleship":"none":"Flee";
AreaSetup({"clearmap":1});
